100
0 1 2 3 4 5 6 7 8 9 10 11 12 13 14 15 16 17 18 19 20 21 22 23 24 25 26 27 28 29 30 31 32 33 34 35 36 37 38 39 40 41 42 43 44 45 46 47 48 49 50 51 52 53 54 55 56 57 58 59 60 61 62 63 64 65 66 67 68 69 70 71 72 73 74 75 76 77 78 79 80 81 82 83 84 85 86 87 88 89 90 91 92 93 94 95 96 97 98 99 
0
10000001 127 116 92 147 113 131 117 74 103 164 106 140 153 108 132 133 109 133 127 84 84 78 153 114 93 124 134 138 136 128 137 125 108 151 116 136 104 138 97 103 117 136 126 131 120 159 88 157 174 146 131 110 125 109 139 109 137 136 122 104 127 144 110 158 92 132 145 94 136 134 126 124 152 94 139 111 117 133 129 150 123 121 131 149 128 114 127 96 149 117 128 118 149 106 117 97 138 147 113 
127 10000001 153 118 103 155 122 141 129 83 142 88 101 133 144 172 135 147 138 136 102 135 132 127 119 94 130 100 129 118 119 135 155 127 155 81 91 126 178 146 137 131 79 138 90 134 139 128 144 129 100 117 162 126 146 147 127 110 126 115 140 141 137 139 106 135 102 116 148 122 134 107 129 140 117 99 104 123 121 112 101 155 80 102 105 123 95 153 116 154 141 107 105 133 75 156 130 114 127 116 
116 153 10000001 116 125 122 125 105 111 129 107 96 155 118 119 93 115 124 94 111 117 92 142 133 85 113 124 151 113 101 167 133 109 95 90 141 123 108 136 118 158 97 176 110 113 141 131 108 91 139 166 117 100 118 115 116 120 107 132 122 126 139 124 107 159 128 97 162 70 105 115 104 138 132 107 122 89 99 133 147 144 85 152 149 129 99 167 85 139 140 105 124 141 137 126 159 97 128 158 149 
92 118 116 10000001 130 139 138 97 79 79 135 80 110 145 102 141 165 86 139 112 87 101 106 140 85 89 137 137 120 116 129 139 149 104 131 122 130 95 112 113 137 127 116 132 81 90 138 125 131 114 135 142 135 143 94 111 80 99 101 78 118 128 131 131 112 113 135 105 108 152 141 117 127 117 89 125 73 111 125 144 99 104 112 132 108 110 102 132 91 101 99 117 140 105 132 125 83 143 102 138 
147 103 125 130 10000001 140 127 149 138 109 103 97 127 113 144 184 103 159 103 128 115 108 156 134 99 145 131 135 133 91 129 127 136 119 116 81 117 160 182 167 168 119 133 159 120 135 110 133 120 117 116 110 137 141 164 113 119 122 91 145 150 164 140 152 102 141 123 145 143 136 158 118 145 116 143 135 102 121 70 117 119 117 74 147 117 111 131 127 151 116 96 122 138 147 120 175 122 56 144 147 
113 155 122 139 140 10000001 101 151 126 128 133 125 143 154 122 167 93 143 93 169 88 99 139 108 95 127 125 132 178 136 151 76 106 142 148 133 147 117 135 158 139 148 182 160 149 107 132 133 127 155 160 153 55 142 146 137 101 119 163 128 113 138 94 121 142 118 124 143 113 119 137 145 157 148 143 114 112 150 140 113 152 116 130 113 161 152 131 89 172 166 140 129 91 169 131 117 134 125 149 118 
131 122 125 138 127 101 10000001 176 134 104 141 96 104 164 135 151 101 136 85 129 91 129 146 92 113 123 92 85 127 124 187 65 104 125 157 127 110 114 141 156 102 152 151 154 129 118 146 140 136 154 137 160 122 102 156 138 98 107 154 138 121 146 105 122 126 120 92 113 149 110 143 92 126 115 123 94 120 123 147 70 119 122 129 97 145 114 132 102 154 164 156 97 74 114 104 156 117 113 135 130 
117 141 105 97 149 151 176 10000001 114 136 137 124 163 125 141 136 169 149 157 160 122 106 141 152 93 88 153 165 154 136 128 175 164 137 122 148 155 117 156 136 192 121 153 127 92 137 130 132 121 128 173 128 143 146 112 135 147 110 134 89 144 150 145 134 163 163 136 166 58 143 129 140 151 167 112 134 74 122 152 190 155 122 141 161 131 140 157 152 114 153 128 156 152 160 145 142 126 169 144 159 
74 129 111 79 138 126 134 114 10000001 117 139 86 108 153 121 154 147 88 127 96 97 117 114 125 105 111 118 137 143 114 128 136 158 78 136 126 142 119 141 116 138 123 137 137 123 130 177 104 142 159 168 149 115 143 125 125 98 109 119 119 110 150 157 91 146 121 121 147 106 124 157 139 144 141 119 135 101 142 122 136 144 134 119 130 108 144 115 124 89 133 100 116 133 142 111 156 100 146 109 108 
103 83 129 79 109 128 104 136 117 10000001 126 66 109 120 83 137 127 104 116 114 89 99 84 141 90 89 140 104 95 103 125 112 130 120 131 75 98 90 109 115 93 127 87 139 80 79 118 112 136 110 99 127 133 114 99 107 86 109 102 99 99 101 105 140 88 81 117 79 132 137 125 93 96 86 93 98 94 105 114 91 64 113 88 104 112 94 76 118 112 105 118 105 115 98 103 104 89 105 126 112 
164 142 107 135 103 133 141 137 139 126 10000001 93 135 85 114 166 117 131 86 132 145 132 159 127 87 143 162 151 143 85 133 132 160 129 63 115 127 132 148 166 188 115 171 161 111 145 132 127 86 84 161 125 114 162 145 118 125 98 116 126 141 152 113 128 110 147 105 157 129 114 142 150 158 111 154 107 98 159 116 139 117 128 132 129 86 146 140 99 171 113 111 118 159 149 139 169 145 118 155 125 
106 88 96 80 97 125 96 124 86 66 93 10000001 91 108 95 127 115 83 94 70 94 112 111 110 75 92 125 113 93 60 128 102 134 70 107 88 81 91 117 102 117 110 108 115 73 107 135 102 101 107 127 120 115 116 100 96 78 76 101 98 96 109 115 108 99 92 77 99 117 95 118 91 121 91 104 84 78 112 95 91 72 117 99 98 63 96 98 89 110 108 91 84 117 104 80 141 80 101 107 98 
140 101 155 110 127 143 104 163 108 109 135 91 10000001 176 140 195 157 113 120 124 104 156 153 91 126 128 104 90 147 135 155 122 166 124 155 126 124 128 166 176 147 145 134 172 119 137 176 143 149 131 129 162 153 158 172 158 95 96 129 119 155 177 134 112 87 150 113 122 163 137 173 140 145 128 128 110 111 156 145 119 111 148 114 85 104 150 91 148 131 140 145 72 118 104 122 182 144 142 104 120 
153 133 118 145 113 154 164 125 153 120 85 108 176 10000001 120 144 115 159 121 142 158 120 133 171 100 132 185 162 130 89 117 160 170 146 82 96 136 141 154 143 180 118 144 156 110 149 125 116 121 119 169 114 138 136 126 109 160 132 117 142 123 131 141 153 149 142 122 169 123 125 133 141 140 124 153 124 117 149 119 146 134 145 126 156 112 142 153 124 155 131 126 158 166 171 126 148 137 122 179 129 
108 144 119 102 144 122 135 141 121 83 114 95 140 120 10000001 130 132 77 104 125 128 102 74 166 108 118 164 135 115 126 132 137 140 138 102 105 130 86 94 125 119 108 155 158 120 115 148 86 144 126 138 131 109 149 104 132 104 135 118 117 111 118 104 122 120 85 134 137 123 147 133 144 110 101 107 122 116 142 142 124 113 114 138 116 129 134 99 107 140 95 121 113 153 121 139 108 123 135 171 105 
132 172 93 141 184 167 151 136 154 137 166 127 195 144 130 10000001 159 142 151 139 152 130 136 186 134 111 172 172 105 144 204 169 135 140 144 170 137 101 128 98 143 140 181 113 126 159 161 132 145 176 188 150 153 116 97 151 160 150 177 141 133 122 148 151 199 131 128 167 112 140 109 107 136 157 109 138 137 108 186 169 156 132 193 170 168 110 191 128 150 180 162 162 164 146 143 152 113 174 195 173 
133 135 115 165 103 93 101 169 147 127 117 115 157 115 132 159 10000001 162 70 146 123 108 142 134 113 144 132 130 147 109 150 101 108 134 128 97 121 144 169 156 139 124 169 156 151 147 133 111 130 162 149 119 92 119 160 134 135 139 148 163 122 144 122 129 150 120 103 165 133 98 135 127 143 136 151 121 131 141 115 88 152 133 121 129 150 136 147 89 174 163 134 129 112 173 101 155 137 77 180 115 
109 147 124 86 159 143 136 149 88 104 131 83 113 159 77 142 162 10000001 124 95 126 137 110 151 123 123 155 146 126 126 153 141 157 103 130 136 126 92 110 116 125 123 161 145 125 135 185 107 144 144 154 152 123 168 113 146 87 124 134 116 126 135 135 109 128 97 128 134 137 143 148 149 144 125 113 130 120 152 146 135 115 136 154 115 110 141 105 114 132 114 114 96 161 116 136 152 119 155 146 112 
133 138 94 139 103 93 85 157 127 116 86 94 120 121 104 151 70 124 10000001 120 118 107 136 112 101 137 109 106 124 108 157 100 112 124 92 107 119 121 146 163 141 102 172 162 134 139 139 99 118 133 141 124 91 125 158 131 110 115 122 141 129 158 100 94 120 124 91 156 125 105 143 126 122 102 127 107 112 137 128 97 133 102 127 108 128 129 131 83 158 128 126 90 119 127 119 162 133 97 164 112 
127 136 111 112 128 169 129 160 96 114 132 70 124 142 125 139 146 95 120 10000001 141 145 132 155 128 143 143 146 89 91 170 148 165 74 126 125 124 139 147 118 132 127 138 146 129 156 188 114 148 163 169 154 150 135 137 120 118 132 111 157 124 155 172 125 151 120 117 152 151 133 168 119 136 109 132 145 133 139 122 121 127 145 140 151 101 121 144 122 116 119 108 118 166 121 116 191 97 132 145 134 
84 102 117 87 115 88 91 122 97 89 145 94 104 158 128 152 123 126 118 141 10000001 88 127 97 83 83 94 111 145 122 140 86 97 106 156 116 111 99 139 128 118 136 129 120 104 83 115 131 120 135 114 133 106 123 123 126 70 92 137 90 118 125 105 124 113 107 112 96 106 122 121 96 137 139 97 103 73 96 119 110 114 101 95 105 136 103 105 113 124 151 117 105 70 129 103 119 92 111 101 130 
84 135 92 101 108 99 129 106 117 99 132 112 156 120 102 130 108 137 107 145 88 10000001 102 152 82 107 127 137 128 124 129 129 96 129 114 104 137 114 135 129 136 104 148 139 119 101 94 102 130 137 128 109 100 118 116 112 110 131 110 118 118 132 114 133 137 108 137 145 79 145 127 113 114 126 96 136 88 90 117 134 139 66 107 147 155 101 131 113 128 122 104 136 124 142 132 106 97 105 159 143 
78 132 142 106 156 139 146 141 114 84 159 111 153 133 74 136 142 110 136 132 127 102 10000001 184 128 112 162 129 118 143 125 158 158 147 139 98 150 109 119 117 97 126 122 167 132 122 166 83 181 166 149 145 139 126 111 137 132 157 120 138 97 126 145 133 152 94 150 149 129 161 153 142 89 123 107 143 136 142 151 127 141 139 126 136 151 145 102 144 102 124 142 143 147 139 127 102 119 149 173 105 
153 127 133 140 134 108 92 152 125 141 127 110 91 171 166 186 134 151 112 155 97 152 184 10000001 105 124 97 115 176 129 172 90 146 126 159 152 130 130 170 180 172 161 169 154 124 138 155 163 109 137 163 166 125 147 172 152 110 65 167 117 149 170 117 114 127 165 89 135 139 96 151 134 174 156 150 88 99 154 150 129 137 144 134 97 122 154 143 122 164 182 155 104 85 148 118 180 147 144 102 135 
114 119 85 85 99 95 113 93 105 90 87 75 126 100 108 134 113 123 101 128 83 82 128 105 10000001 92 133 134 131 75 124 95 124 105 103 109 119 98 107 123 151 127 132 125 74 75 88 128 76 89 145 128 93 120 96 72 86 65 111 81 94 108 95 129 110 114 103 107 85 108 114 103 137 106 118 90 47 110 100 122 98 89 99 123 101 105 124 85 131 118 95 123 112 133 116 112 83 109 103 127 
93 94 113 89 145 127 123 88 111 89 143 92 128 132 118 111 144 123 137 143 83 107 112 124 92 10000001 129 117 126 126 135 131 128 122 143 123 102 60 130 106 130 123 120 97 65 109 124 118 119 125 131 119 132 111 89 139 116 88 147 60 116 104 105 118 135 119 95 112 87 110 84 96 123 148 76 78 73 97 150 139 111 123 126 101 121 110 118 128 107 161 140 116 96 125 95 110 107 147 127 123 
124 130 124 137 131 125 92 153 118 140 162 125 104 185 164 172 132 155 109 143 94 127 162 97 133 129 10000001 89 147 156 185 129 123 132 159 146 141 140 189 181 150 132 166 162 145 155 164 136 155 172 143 152 144 120 187 169 127 122 147 144 164 196 142 98 149 165 113 165 133 133 169 119 132 155 110 133 118 121 163 136 165 118 134 126 160 134 149 149 131 175 159 102 93 125 125 190 141 141 145 154 
134 100 151 137 135 132 85 165 137 104 151 113 90 162 135 172 130 146 106 146 111 137 129 115 134 117 89 10000001 127 154 166 129 148 159 152 114 133 122 167 183 124 138 130 183 126 139 162 125 170 151 126 155 159 106 177 164 134 123 134 137 145 178 120 108 120 153 110 142 154 137 166 123 88 121 109 104 127 140 171 108 136 138 119 88 146 145 110 156 123 159 178 97 89 100 115 162 152 143 151 121 
138 129 113 120 133 178 127 154 143 95 143 93 147 130 115 105 147 126 124 89 145 128 118 176 131 126 147 127 10000001 122 183 163 148 130 119 121 119 123 142 131 125 119 131 151 109 149 157 115 158 148 143 139 172 103 132 132 142 144 110 149 138 151 150 145 148 129 124 148 147 153 151 89 83 94 96 137 132 101 154 133 118 121 148 154 135 88 152 141 117 121 144 127 162 86 131 171 107 136 176 158 
136 118 101 116 91 136 124 136 114 103 85 60 135 89 126 144 109 126 108 91 122 124 143 129 75 126 156 154 122 10000001 134 111 150 79 109 101 107 132 134 113 152 134 128 126 99 123 132 129 91 119 161 132 117 130 112 73 107 94 114 130 98 113 140 142 128 111 97 125 128 97 132 109 155 107 149 110 98 133 72 107 99 136 108 140 76 113 138 84 143 123 84 130 142 151 98 157 88 94 121 122 
128 119 167 129 129 151 187 128 128 125 133 128 155 117 132 204 150 153 157 170 140 129 125 172 124 135 185 166 183 134 10000001 172 191 154 140 90 156 154 182 160 184 132 134 173 135 148 156 121 159 140 153 124 142 183 147 150 148 147 125 134 144 153 161 153 135 145 157 170 137 156 161 183 169 167 161 149 122 178 113 160 151 172 96 145 122 181 101 162 144 140 121 155 163 194 133 141 160 140 161 108 
137 135 133 139 127 76 65 175 136 112 132 102 122 160 137 169 101 141 100 148 86 129 158 90 95 131 129 129 163 111 172 10000001 110 123 164 131 118 122 131 151 124 170 162 150 134 98 133 158 115 145 150 166 94 136 144 123 80 100 166 130 110 123 99 145 122 109 108 98 148 108 136 116 165 129 152 96 114 142 125 76 113 131 124 106 142 130 131 79 178 167 140 119 85 152 114 139 116 107 120 127 
125 155 109 149 136 106 104 164 158 130 160 134 166 170 140 135 108 157 112 165 97 96 158 146 124 128 123 148 148 150 191 110 10000001 137 161 148 112 120 163 147 132 133 193 123 148 137 116 139 128 166 123 123 109 138 147 163 116 146 176 140 157 142 105 150 155 116 127 147 123 138 110 104 154 162 112 134 121 89 150 131 148 94 156 142 183 92 163 105 184 178 141 125 116 153 137 149 125 109 184 170 
108 127 95 104 119 142 125 137 78 120 129 70 124 146 138 140 134 103 124 74 106 129 147 126 105 122 132 159 130 79 154 123 137 10000001 139 130 103 127 152 95 141 125 149 97 119 143 165 122 109 155 160 133 117 145 119 120 94 107 137 131 123 132 157 121 148 108 100 137 122 103 134 112 168 144 131 130 104 123 95 124 125 137 131 140 97 110 142 96 131 145 77 112 141 148 95 177 83 117 120 131 
151 155 90 131 116 148 157 122 136 131 63 107 155 82 102 144 128 130 92 126 156 114 139 159 103 143 159 152 119 109 140 164 161 139 10000001 120 144 133 151 163 187 85 175 167 120 158 141 102 118 110 165 116 128 151 145 126 144 127 97 137 148 167 131 119 137 153 123 183 112 137 152 151 131 111 133 135 108 147 136 160 143 111 145 152 114 141 153 120 151 99 115 130 175 139 152 171 144 134 181 140 
116 81 141 122 81 133 127 148 126 75 115 88 126 96 105 170 97 136 107 125 116 104 98 152 109 123 146 114 121 101 90 131 148 130 120 10000001 114 136 159 143 127 110 100 161 117 125 132 93 148 130 110 106 132 128 140 120 122 134 91 139 116 135 134 137 105 107 121 137 141 132 146 127 112 108 129 121 116 136 90 92 112 138 62 119 113 130 85 130 126 112 114 119 129 145 95 136 124 80 155 94 
136 91 123 130 117 147 110 155 142 98 127 81 124 136 130 137 121 126 119 124 111 137 150 130 119 102 141 133 119 107 156 118 112 103 144 114 10000001 102 164 120 131 115 147 90 100 147 136 123 105 128 101 94 135 143 127 157 111 111 157 114 148 115 112 136 117 107 75 117 141 97 84 96 154 148 112 88 106 108 124 111 90 142 136 99 109 94 126 107 161 162 125 82 122 133 83 164 124 101 156 128 
104 126 108 95 160 117 114 117 119 90 132 91 128 141 86 101 144 92 121 139 99 114 109 130 98 60 140 122 123 132 154 122 120 127 133 136 102 10000001 99 110 119 122 152 111 86 110 137 113 117 122 136 131 115 130 86 147 101 97 155 67 117 99 79 111 129 103 98 111 100 116 85 113 124 136 78 76 89 115 162 134 104 115 151 88 126 117 116 107 135 151 143 100 114 111 117 107 116 153 145 118 
138 178 136 112 182 135 141 156 141 109 148 117 166 154 94 128 169 110 146 147 139 135 119 170 107 130 189 167 142 134 182 131 163 152 151 159 164 99 10000001 125 132 180 165 169 126 90 159 158 150 146 192 194 132 150 89 111 113 131 159 124 90 104 124 166 155 109 157 115 143 164 152 144 146 112 143 131 132 158 170 143 119 133 168 151 153 146 147 115 160 137 154 162 161 139 166 102 109 174 150 150 
97 146 118 113 167 158 156 136 116 115 166 102 176 143 125 98 156 116 163 118 128 129 117 180 123 106 181 183 131 113 160 151 147 95 163 143 120 110 125 10000001 121 147 146 86 123 138 167 126 142 176 176 145 135 142 60 131 128 143 166 133 101 77 163 157 181 83 133 136 121 131 109 118 163 162 128 141 129 124 136 144 134 156 159 160 138 117 155 116 136 167 119 156 158 169 111 134 82 151 159 141 
103 137 158 137 168 139 102 192 138 93 188 117 147 180 119 143 139 125 141 132 118 136 97 172 151 130 150 124 125 152 184 124 132 141 187 127 131 119 132 121 10000001 165 138 160 154 128 181 129 189 195 146 172 149 122 136 157 120 164 166 161 109 125 148 153 161 79 143 123 169 156 154 118 120 136 123 141 159 137 163 86 135 155 146 128 173 130 123 136 142 169 166 135 124 137 116 133 115 141 171 128 
117 131 97 127 119 148 152 121 123 127 115 110 145 118 108 140 124 123 102 127 136 104 126 161 127 123 132 138 119 134 132 170 133 125 85 110 115 122 180 147 165 10000001 172 136 129 173 152 59 134 141 126 62 129 151 148 165 142 142 117 134 164 168 136 95 142 138 113 186 103 131 130 142 126 149 96 138 111 123 138 156 152 116 142 135 129 129 137 133 136 130 113 100 158 140 126 174 146 125 192 130 
136 79 176 116 133 182 151 153 137 87 171 108 134 144 155 181 169 161 172 138 129 148 122 169 132 120 166 130 131 128 134 162 193 149 175 100 147 152 165 146 138 172 10000001 174 107 124 161 154 182 155 149 169 191 124 143 125 147 139 118 144 123 147 175 176 138 145 151 120 170 166 176 123 126 130 142 140 134 144 136 130 117 173 87 151 128 141 116 179 97 149 157 160 141 144 115 150 119 147 124 142 
126 138 110 132 159 160 154 127 137 139 161 115 172 156 158 113 156 145 162 146 120 139 167 154 125 97 162 183 151 126 173 150 123 97 167 161 90 111 169 86 160 136 174 10000001 116 161 150 144 105 163 158 116 139 156 103 163 136 125 188 116 153 110 149 153 177 125 108 147 111 110 70 110 187 191 123 126 110 105 144 165 140 151 170 151 140 106 173 121 163 195 126 139 145 174 109 166 115 147 162 163 
131 90 113 81 120 149 129 92 123 80 111 73 119 110 120 126 151 125 134 129 104 119 132 124 74 65 145 126 109 99 135 134 148 119 120 117 100 86 126 123 154 129 107 116 10000001 104 108 136 99 79 131 125 148 121 95 112 113 68 119 63 124 113 108 139 108 133 99 98 110 121 107 91 127 118 98 78 59 101 133 141 75 118 116 117 88 99 122 129 116 131 126 117 125 108 112 131 101 136 111 138 
120 134 141 90 135 107 118 137 130 79 145 107 137 149 115 159 147 135 139 156 83 101 122 138 75 109 155 139 149 123 148 98 137 143 158 125 147 110 90 138 128 173 124 161 104 10000001 107 160 136 121 146 171 125 134 106 92 84 108 133 101 96 108 107 168 113 108 150 73 133 158 145 117 138 110 130 118 96 127 131 121 98 110 106 135 146 121 114 122 143 130 134 148 116 135 144 81 91 133 106 146 
159 139 131 138 110 132 146 130 177 118 132 135 176 125 148 161 133 185 139 188 115 94 166 155 88 124 164 162 157 132 156 133 116 165 141 132 136 137 159 167 181 152 161 150 108 107 10000001 167 110 104 129 127 141 144 137 125 135 127 147 117 155 136 103 186 128 149 147 132 124 158 121 115 157 144 137 127 93 103 134 157 124 99 124 161 164 105 160 135 181 154 140 160 136 162 156 126 130 113 164 182 
88 128 108 125 133 133 140 132 104 112 127 102 143 116 86 132 111 107 99 114 131 102 83 163 128 118 136 125 115 129 121 158 139 122 102 93 123 113 158 126 129 59 154 144 136 160 167 10000001 154 161 140 95 116 133 135 154 136 147 118 141 128 149 140 84 151 111 113 178 108 124 135 143 108 138 102 134 125 137 137 130 153 131 133 123 130 141 118 124 118 131 120 108 146 144 107 151 135 127 186 92 
157 144 91 131 120 127 136 121 142 136 86 101 149 121 144 145 130 144 118 148 120 130 181 109 76 119 155 170 158 91 159 115 128 109 118 148 105 117 150 142 189 134 182 105 99 136 110 154 10000001 98 160 123 107 161 124 127 113 76 159 99 147 127 106 143 132 143 94 137 108 96 97 124 186 153 145 97 74 128 121 153 116 122 149 136 107 119 163 85 181 159 109 125 140 161 131 164 125 124 138 154 
174 129 139 114 117 155 154 128 159 110 84 107 131 119 126 176 162 144 133 163 135 137 166 137 89 125 172 151 148 119 140 145 166 155 110 130 128 122 146 176 195 141 155 163 79 121 104 161 98 10000001 133 136 152 173 139 132 121 92 123 88 163 150 99 162 77 159 133 124 141 153 139 144 159 121 138 105 81 144 139 162 85 123 130 131 104 135 130 139 170 116 132 126 160 129 160 153 148 139 140 159 
146 100 166 135 116 160 137 173 168 99 161 127 129 169 138 188 149 154 141 169 114 128 149 163 145 131 143 126 143 161 153 150 123 160 165 110 101 136 192 176 146 126 149 158 131 146 129 140 160 133 10000001 107 166 169 169 183 124 153 144 132 186 165 122 165 93 136 146 133 166 172 142 131 142 154 108 137 125 117 144 138 115 132 121 123 159 116 107 163 167 149 147 102 139 130 140 163 156 110 180 160 
131 117 117 142 110 153 160 128 149 127 125 120 162 114 131 150 119 152 124 154 133 109 145 166 128 119 152 155 139 132 124 166 123 133 116 106 94 131 194 145 172 62 169 116 125 171 127 95 123 136 107 10000001 135 159 145 171 148 146 141 131 172 151 133 134 141 136 115 176 113 128 103 136 152 169 113 133 110 115 125 157 145 132 136 139 136 120 142 135 161 155 115 116 153 165 117 168 151 107 195 142 
110 162 100 135 137 55 122 143 115 133 114 115 153 138 109 153 92 123 91 150 106 100 139 125 93 132 144 159 172 117 142 94 109 117 128 132 135 115 132 135 149 129 191 139 148 125 141 116 107 152 166 135 10000001 158 129 133 99 121 160 129 114 126 107 115 148 103 118 154 101 107 123 151 170 151 146 122 109 151 122 123 150 119 142 124 144 148 138 60 176 155 109 126 125 177 128 130 127 119 158 113 
125 126 118 143 141 142 102 146 143 114 162 116 158 136 149 116 119 168 125 135 123 118 126 147 120 111 120 106 103 130 183 136 138 145 151 128 143 130 150 142 122 151 124 156 121 134 144 133 161 173 169 159 158 10000001 144 124 155 133 142 153 108 148 147 141 174 144 114 151 130 128 149 78 89 124 118 122 131 107 163 119 151 130 133 150 160 114 165 141 115 173 172 153 105 133 108 150 108 141 160 150 
109 146 115 94 164 146 156 112 125 99 145 100 172 126 104 97 160 113 158 137 123 116 111 172 96 89 187 177 132 112 147 144 147 119 145 140 127 86 89 60 136 148 143 103 95 106 137 135 124 139 169 145 129 144 10000001 113 118 123 155 99 95 58 133 161 159 91 136 116 107 139 98 120 153 144 121 122 105 122 140 151 112 136 152 151 131 116 143 112 139 147 121 156 155 155 130 98 86 155 147 142 
139 147 116 111 113 137 138 135 125 107 118 96 158 109 132 151 134 146 131 120 126 112 137 152 72 139 169 164 132 73 150 123 163 120 126 120 157 147 111 131 157 165 125 163 112 92 125 154 127 132 183 171 133 124 113 10000001 117 115 107 141 83 125 151 170 144 126 144 125 133 146 164 118 147 92 157 139 109 137 101 127 119 124 109 171 123 123 153 113 138 115 110 168 152 154 139 136 75 123 118 152 
109 127 120 80 119 101 98 147 98 86 125 78 95 160 104 160 135 87 110 118 70 110 132 110 86 116 127 134 142 107 148 80 116 94 144 122 111 101 113 128 120 142 147 136 113 84 135 136 113 121 124 148 99 155 118 117 10000001 96 130 99 118 122 105 132 91 88 122 84 132 134 137 119 153 116 118 112 88 125 109 104 88 106 114 108 118 111 97 91 146 118 95 93 119 119 126 132 93 111 102 127 
137 110 107 99 122 119 107 110 109 109 98 76 96 132 135 150 139 124 115 132 92 131 157 65 65 88 122 123 144 94 147 100 146 107 127 134 111 97 131 143 164 142 139 125 68 108 127 147 76 92 153 146 121 133 123 115 96 10000001 138 72 123 131 101 117 109 142 80 106 111 92 121 110 154 128 125 64 57 129 131 132 97 124 122 100 83 125 129 107 137 149 127 105 104 124 110 150 113 138 82 128 
136 126 132 101 91 163 154 134 119 102 116 101 129 117 118 177 148 134 122 111 137 110 120 167 111 147 147 134 110 114 125 166 176 137 97 91 157 155 159 166 166 117 118 188 119 133 147 118 159 123 144 141 160 142 155 107 130 138 10000001 147 141 178 160 145 115 149 153 159 143 171 188 141 109 86 130 157 115 139 113 144 130 117 92 162 118 134 122 155 107 60 109 137 169 121 149 168 122 123 149 147 
122 115 122 78 145 128 138 89 119 99 126 98 119 142 117 141 163 116 141 157 90 118 138 117 81 60 144 137 149 130 134 130 140 131 137 139 114 67 124 133 161 134 144 116 63 101 117 141 99 88 132 131 129 153 99 141 99 72 147 10000001 138 118 89 131 109 133 114 104 98 129 99 124 150 148 97 83 53 119 150 157 98 117 134 104 112 124 114 129 136 147 132 112 120 125 131 117 122 154 115 138 
104 140 126 118 150 113 121 144 110 99 141 96 155 123 111 133 122 126 129 124 118 118 97 149 94 116 164 145 138 98 144 110 157 123 148 116 148 117 90 101 109 164 123 153 124 96 155 128 147 163 186 172 114 108 95 83 118 123 141 138 10000001 93 142 144 160 93 128 123 128 122 145 124 134 116 147 120 126 150 129 101 130 147 123 139 133 142 132 103 128 148 136 158 124 160 109 104 87 139 131 105 
127 141 139 128 164 138 146 150 150 101 152 109 177 131 118 122 144 135 158 155 125 132 126 170 108 104 196 178 151 113 153 123 142 132 167 135 115 99 104 77 125 168 147 110 113 108 136 149 127 150 165 151 126 148 58 125 122 131 178 118 93 10000001 126 176 158 78 133 104 136 130 89 123 169 153 145 113 124 138 137 129 107 157 151 140 141 126 142 104 170 171 138 159 143 174 119 94 104 142 156 134 
144 137 124 131 140 94 105 145 157 105 113 115 134 141 104 148 122 135 100 172 105 114 145 117 95 105 142 120 150 140 161 99 105 157 131 134 112 79 124 163 148 136 175 149 108 107 103 140 106 99 122 133 107 147 133 151 105 101 160 89 142 126 10000001 134 103 126 110 117 123 127 103 128 141 131 115 75 93 129 159 129 107 104 145 89 145 127 124 103 179 153 153 104 108 127 140 116 144 132 159 136 
110 139 107 131 152 121 122 134 91 140 128 108 112 153 122 151 129 109 94 125 124 133 133 114 129 118 98 108 145 142 153 145 150 121 119 137 136 111 166 157 153 95 176 153 139 168 186 84 143 162 165 134 115 141 161 170 132 117 145 131 144 176 134 10000001 154 148 91 180 109 103 150 152 133 153 113 117 118 155 164 142 164 138 152 101 125 162 133 127 126 160 146 89 125 137 115 177 152 157 162 99 
158 106 159 112 102 142 126 163 146 88 110 99 87 149 120 199 150 128 120 151 113 137 152 127 110 135 149 120 148 128 135 122 155 148 137 105 117 129 155 181 161 142 138 177 108 113 128 151 132 77 93 141 148 174 159 144 91 109 115 109 160 158 103 154 10000001 138 136 105 165 158 159 143 148 110 134 112 101 148 125 124 75 129 101 104 112 136 81 141 163 108 130 94 140 115 145 155 147 115 131 137 
92 135 128 113 141 118 120 163 121 81 147 92 150 142 85 131 120 97 124 120 107 108 94 165 114 119 165 153 129 111 145 109 116 108 153 107 107 103 109 83 79 138 145 125 133 108 149 111 143 159 136 136 103 144 91 126 88 142 149 133 93 78 126 148 138 10000001 131 111 138 135 118 121 144 129 125 128 127 129 115 93 109 134 131 126 141 114 110 89 152 137 109 125 137 150 110 109 92 109 159 113 
132 102 97 135 123 124 92 136 121 117 105 77 113 122 134 128 103 128 91 117 112 137 150 89 103 95 113 110 124 97 157 108 127 100 123 121 75 98 157 133 143 113 151 108 99 150 147 113 94 133 146 115 118 114 136 144 122 80 153 114 128 133 110 91 136 131 10000001 139 117 42 100 101 142 140 119 61 97 125 137 111 119 139 137 87 96 121 139 96 145 169 138 86 99 134 68 168 128 122 141 106 
145 116 162 105 145 143 113 166 147 79 157 99 122 169 137 167 165 134 156 152 96 145 149 135 107 112 165 142 148 125 170 98 147 137 183 137 117 111 115 136 123 186 120 147 98 73 132 178 137 124 133 176 154 151 116 125 84 106 159 104 123 104 117 180 105 111 139 10000001 166 154 138 108 160 127 137 106 111 131 140 114 61 144 124 122 134 115 115 132 159 154 148 134 121 128 133 123 105 138 101 153 
94 148 70 108 143 113 149 58 106 132 129 117 163 123 123 112 133 137 125 151 106 79 129 139 85 87 133 154 147 128 137 148 123 122 112 141 141 100 143 121 169 103 170 111 110 133 124 108 108 141 166 113 101 130 107 133 132 111 143 98 128 136 123 109 165 138 117 166 10000001 118 107 128 143 161 102 123 77 110 145 167 158 99 144 146 141 127 156 116 128 157 119 140 131 159 129 130 115 149 156 143 
136 122 105 152 136 119 110 143 124 137 114 95 137 125 147 140 98 143 105 133 122 145 161 96 108 110 133 137 153 97 156 108 138 103 137 132 97 116 164 131 156 131 166 110 121 158 158 124 96 153 172 128 107 128 139 146 134 92 171 129 122 130 127 103 158 135 42 154 118 10000001 104 123 168 161 147 79 111 146 135 118 141 158 146 105 107 143 154 90 161 187 140 114 106 169 70 171 135 129 147 104 
134 134 115 141 158 137 143 129 157 125 142 118 173 133 133 109 135 148 143 168 121 127 153 151 114 84 169 166 151 132 161 136 110 134 152 146 84 85 152 109 154 130 176 70 107 145 121 135 97 139 142 103 123 149 98 164 137 121 188 99 145 89 103 150 159 118 100 138 107 104 10000001 116 170 178 119 94 105 113 155 153 127 142 166 125 144 115 157 109 177 189 144 132 130 168 113 132 134 141 177 146 
126 107 104 117 118 145 92 140 139 93 150 91 140 141 144 107 127 149 126 119 96 113 142 134 103 96 119 123 89 109 183 116 104 112 151 127 96 113 144 118 118 142 123 110 91 117 115 143 124 144 131 136 151 78 120 118 119 110 141 124 124 123 128 152 143 121 101 108 128 123 116 10000001 119 122 98 108 102 57 136 115 107 109 128 140 140 49 155 120 129 159 139 127 108 112 102 151 77 114 138 162 
124 129 138 127 145 157 126 151 144 96 158 121 145 140 110 136 143 144 122 136 137 114 89 174 137 123 132 88 83 155 169 165 154 168 131 112 154 124 146 163 120 126 126 187 127 138 157 108 186 159 142 152 170 89 153 147 153 154 109 150 134 169 141 133 148 144 142 160 143 168 170 119 10000001 100 92 139 138 123 175 134 145 120 134 142 162 130 133 163 102 131 172 137 140 96 140 145 134 152 182 144 
152 140 132 117 116 148 115 167 141 86 111 91 128 124 101 157 136 125 102 109 139 126 123 156 106 148 155 121 94 107 167 129 162 144 111 108 148 136 112 162 136 149 130 191 118 110 144 138 153 121 154 169 151 124 144 92 116 128 86 148 116 153 131 153 110 129 140 127 161 161 178 122 100 10000001 137 131 127 143 136 108 101 115 120 145 127 124 128 127 139 81 138 133 155 97 149 152 113 125 148 143 
94 117 107 89 143 143 123 112 119 93 154 104 128 153 107 109 151 113 127 132 97 96 107 150 118 76 110 109 96 149 161 152 112 131 133 129 112 78 143 128 123 96 142 123 98 130 137 102 145 138 108 113 146 118 121 157 118 125 130 97 147 145 115 113 134 125 119 137 102 147 119 98 92 137 10000001 119 95 75 163 148 126 92 141 121 146 93 125 142 104 140 140 100 125 87 127 138 114 146 161 148 
139 99 122 125 135 114 94 134 135 98 107 84 110 124 122 138 121 130 107 145 103 136 143 88 90 78 133 104 137 110 149 96 134 130 135 121 88 76 131 141 141 138 140 126 78 118 127 134 97 105 137 133 122 122 122 139 112 64 157 83 120 113 75 117 112 128 61 106 123 79 94 108 139 131 119 10000001 87 132 148 112 93 138 131 65 102 128 119 104 151 165 152 97 87 127 92 134 132 134 127 106 
111 104 89 73 102 112 120 74 101 94 98 78 111 117 116 137 131 120 112 133 73 88 136 99 47 73 118 127 132 98 122 114 121 104 108 116 106 89 132 129 159 111 134 110 59 96 93 125 74 81 125 110 109 131 105 109 88 57 115 53 126 124 93 118 101 127 97 111 77 111 105 102 138 127 95 87 10000001 96 113 139 98 88 104 113 98 100 118 108 123 126 98 104 110 121 114 128 98 119 104 133 
117 123 99 111 121 150 123 122 142 105 159 112 156 149 142 108 141 152 137 139 96 90 142 154 110 97 121 140 101 133 178 142 89 123 147 136 108 115 158 124 137 123 144 105 101 127 103 137 128 144 117 115 151 107 122 137 125 129 139 119 150 138 129 155 148 129 125 131 110 146 113 57 123 143 75 132 96 10000001 143 147 126 85 137 156 158 41 160 135 132 155 131 132 127 119 127 150 90 120 159 179 
133 121 133 125 70 140 147 152 122 114 116 95 145 119 142 186 115 146 128 122 119 117 151 150 100 150 163 171 154 72 113 125 150 95 136 90 124 162 170 136 163 138 136 144 133 131 134 137 121 139 144 125 122 163 140 101 109 131 113 150 129 137 159 164 125 115 137 140 145 135 155 136 175 136 163 148 113 143 10000001 118 122 143 84 158 111 127 130 113 157 124 62 142 154 178 116 165 107 69 136 136 
129 112 147 144 117 113 70 190 136 91 139 91 119 146 124 169 88 135 97 121 110 134 127 129 122 139 136 108 133 107 160 76 131 124 160 92 111 134 143 144 86 156 130 165 141 121 157 130 153 162 138 157 123 119 151 127 104 132 144 157 101 129 129 142 124 93 111 114 167 118 153 115 134 108 148 112 139 147 118 10000001 113 150 107 106 136 131 111 103 157 152 143 115 103 143 91 148 118 91 145 101 
150 101 144 99 119 152 119 155 144 64 117 72 111 134 113 156 152 115 133 127 114 139 141 137 98 111 165 136 118 99 151 113 148 125 143 112 90 104 119 134 135 152 117 140 75 98 124 153 116 85 115 145 150 151 112 119 88 97 130 98 130 107 107 164 75 109 119 61 158 141 127 107 145 101 126 93 98 126 122 113 10000001 134 118 112 97 104 104 120 154 120 126 109 139 108 125 138 110 119 120 138 
123 155 85 104 117 116 122 122 134 113 128 117 148 145 114 132 133 136 102 145 101 66 139 144 89 123 118 138 121 136 172 131 94 137 111 138 142 115 133 156 155 116 173 151 118 110 99 131 122 123 132 132 119 130 136 124 106 124 117 117 147 157 104 138 129 134 139 144 99 158 142 109 120 115 92 138 88 85 143 150 134 10000001 137 153 160 91 151 118 146 117 120 126 139 112 159 140 108 123 160 173 
121 80 152 112 74 130 129 141 119 88 132 99 114 126 138 193 121 154 127 140 95 107 126 134 99 126 134 119 148 108 96 124 156 131 145 62 136 151 168 159 146 142 87 170 116 106 124 133 149 130 121 136 142 133 152 109 114 122 92 134 123 151 145 152 101 131 137 124 144 146 166 128 134 120 141 131 104 137 84 107 118 137 10000001 133 121 135 93 145 121 123 116 134 116 152 109 141 118 92 117 122 
131 102 149 132 147 113 97 161 130 104 129 98 85 156 116 170 129 115 108 151 105 147 136 97 123 101 126 88 154 140 145 106 142 140 152 119 99 88 151 160 128 135 151 151 117 135 161 123 136 131 123 139 124 150 151 171 108 100 162 104 139 140 89 101 104 126 87 122 146 105 125 140 142 145 121 65 113 156 158 106 112 153 133 10000001 118 154 86 124 155 166 160 69 92 129 101 146 156 141 142 84 
149 105 129 108 117 161 145 131 108 112 86 63 104 112 129 168 150 110 128 101 136 155 151 122 101 121 160 146 135 76 122 142 183 97 114 113 109 126 153 138 173 129 128 140 88 146 164 130 107 104 159 136 144 160 131 123 118 83 118 112 133 141 145 125 112 141 96 134 141 107 144 140 162 127 146 102 98 158 111 136 97 160 121 118 10000001 145 119 124 134 126 109 109 154 140 108 177 129 136 115 110 
128 123 99 110 111 152 114 140 144 94 146 96 150 142 134 110 136 141 129 121 103 101 145 154 105 110 134 145 88 113 181 130 92 110 141 130 94 117 146 117 130 129 141 106 99 121 105 141 119 135 116 120 148 114 116 123 111 125 134 124 142 126 127 162 136 114 121 115 127 143 115 49 130 124 93 128 100 41 127 131 104 91 135 154 145 10000001 156 119 143 141 118 126 136 113 125 154 78 104 154 175 
114 95 167 102 131 131 132 157 115 76 140 98 91 153 99 191 147 105 131 144 105 131 102 143 124 118 149 110 152 138 101 131 163 142 153 85 126 116 147 155 123 137 116 173 122 114 160 118 163 130 107 142 138 165 143 153 97 129 122 114 132 142 124 133 81 110 139 115 156 154 157 155 133 128 125 119 118 160 130 111 104 151 93 86 119 156 10000001 146 132 121 134 100 128 133 121 128 143 131 135 89 
127 153 85 132 127 89 102 152 124 118 99 89 148 124 107 128 89 114 83 122 113 113 144 122 85 128 149 156 141 84 162 79 105 96 120 130 107 107 115 116 136 133 179 121 129 122 135 124 85 139 163 135 60 141 112 113 91 107 155 129 103 104 103 127 141 89 96 132 116 90 109 120 163 127 142 104 108 135 113 103 120 118 145 124 124 119 146 10000001 175 147 105 118 129 156 115 141 105 105 151 120 
96 116 139 91 151 172 154 114 89 112 171 110 131 155 140 150 174 132 158 116 124 128 102 164 131 107 131 123 117 143 144 178 184 131 151 126 161 135 160 136 142 136 97 163 116 143 181 118 181 170 167 161 176 115 139 138 146 137 107 136 128 170 179 126 163 152 145 159 128 161 177 129 102 139 104 151 123 132 157 157 154 146 121 155 134 143 132 175 10000001 141 148 147 146 126 125 161 113 170 135 141 
149 154 140 101 116 166 164 153 133 105 113 108 140 131 95 180 163 114 128 119 151 122 124 182 118 161 175 159 121 123 140 167 178 145 99 112 162 151 137 167 169 130 149 195 131 130 154 131 159 116 149 155 155 173 147 115 118 149 60 147 148 171 153 160 108 137 169 154 157 187 189 159 131 81 140 165 126 155 124 152 120 117 123 166 126 141 121 147 141 10000001 105 139 191 122 173 163 130 134 163 155 
117 141 105 99 96 140 156 128 100 118 111 91 145 126 121 162 134 114 126 108 117 104 142 155 95 140 159 178 144 84 121 140 141 77 115 114 125 143 154 119 166 113 157 126 126 134 140 120 109 132 147 115 109 172 121 110 95 127 109 132 136 138 153 146 130 109 138 148 119 140 144 139 172 138 140 152 98 131 62 143 126 120 116 160 109 118 134 105 148 105 10000001 130 167 163 132 163 99 99 142 143 
128 107 124 117 122 129 97 156 116 105 118 84 72 158 113 162 129 96 90 118 105 136 143 104 123 116 102 97 127 130 155 119 125 112 130 119 82 100 162 156 135 100 160 139 117 148 160 108 125 126 102 116 126 153 156 168 93 105 137 112 158 159 104 89 94 125 86 134 140 114 132 127 137 133 100 97 104 132 142 115 109 126 134 69 109 126 100 118 147 139 130 10000001 119 101 110 174 142 121 148 113 
118 105 141 140 138 91 74 152 133 115 159 117 118 166 153 164 112 161 119 166 70 124 147 85 112 96 93 89 162 142 163 85 116 141 175 129 122 114 161 158 124 158 141 145 125 116 136 146 140 160 139 153 125 105 155 152 119 104 169 120 124 143 108 125 140 137 99 121 131 106 130 108 140 155 125 87 110 127 154 103 139 139 116 92 154 136 128 129 146 191 167 119 10000001 149 92 137 132 131 127 124 
149 133 137 105 147 169 114 160 142 98 149 104 104 171 121 146 173 116 127 121 129 142 139 148 133 125 125 100 86 151 194 152 153 148 139 145 133 111 139 169 137 140 144 174 108 135 162 144 161 129 130 165 177 133 155 154 119 124 121 125 160 174 127 137 115 150 134 128 159 169 168 112 96 97 87 127 121 119 178 143 108 112 152 129 140 113 133 156 126 122 163 101 149 10000001 155 173 131 159 152 165 
106 75 126 132 120 131 104 145 111 103 139 80 122 126 139 143 101 136 119 116 103 132 127 118 116 95 125 115 131 98 133 114 137 95 152 95 83 117 166 111 116 126 115 109 112 144 156 107 131 160 140 117 128 108 130 139 126 110 149 131 109 119 140 115 145 110 68 133 129 70 113 102 140 149 127 92 114 127 116 91 125 159 109 101 108 125 121 115 125 173 132 110 92 155 10000001 155 115 110 137 90 
117 156 159 125 175 117 156 142 156 104 169 141 182 148 108 152 155 152 162 191 119 106 102 180 112 110 190 162 171 157 141 139 149 177 171 136 164 107 102 134 133 174 150 166 131 81 126 151 164 153 163 168 130 150 98 136 132 150 168 117 104 94 116 177 155 109 168 123 130 171 132 151 145 152 138 134 128 150 165 148 138 140 141 146 177 154 128 141 161 163 163 174 137 173 155 10000001 130 162 166 142 
97 130 97 83 122 134 117 126 100 89 145 80 144 137 123 113 137 119 133 97 92 97 119 147 83 107 141 152 107 88 160 116 125 83 144 124 124 116 109 82 115 146 119 115 101 91 130 135 125 148 156 151 127 108 86 75 93 113 122 122 87 104 144 152 147 92 128 105 115 135 134 77 134 113 114 132 98 90 107 118 110 108 118 156 129 78 143 105 113 130 99 142 132 131 115 130 10000001 118 114 150 
138 114 128 143 56 125 113 169 146 105 118 101 142 122 135 174 77 155 97 132 111 105 149 144 109 147 141 143 136 94 140 107 109 117 134 80 101 153 174 151 141 125 147 147 136 133 113 127 124 139 110 107 119 141 155 123 111 138 123 154 139 142 132 157 115 109 122 138 149 129 141 114 152 125 146 134 119 120 69 91 119 123 92 141 136 104 131 105 170 134 99 121 131 159 110 162 118 10000001 162 138 
147 127 158 102 144 149 135 144 109 126 155 107 104 179 171 195 180 146 164 145 101 159 173 102 103 127 145 151 176 121 161 120 184 120 181 155 156 145 150 159 171 192 124 162 111 106 164 186 138 140 180 195 158 160 147 118 102 82 149 115 131 156 159 162 131 159 141 101 156 147 177 138 182 148 161 127 104 159 136 145 120 160 117 142 115 154 135 151 135 163 142 148 127 152 137 166 114 162 10000001 155 
113 116 149 138 147 118 130 159 108 112 125 98 120 129 105 173 115 112 112 134 130 143 105 135 127 123 154 121 158 122 108 127 170 131 140 94 128 118 150 141 128 130 142 163 138 146 182 92 154 159 160 142 113 150 142 152 127 128 147 138 105 134 136 99 137 113 106 153 143 104 146 162 144 143 148 106 133 179 136 101 138 173 122 84 110 175 89 120 141 155 143 113 124 165 90 142 150 138 155 10000001 
