NAME: glns_gen
COMMENT:  auto generated glns_gen
TYPE: TSP
DIMENSION: 25
GTSP_SETS: 15
EDGE_WEIGHT_TYPE: EXPLICIT
EDGE_WEIGHT_FORMAT: LOWER_DIAG_ROW
EDGE_WEIGHT_SECTION:
0 
111 0 
108 219 0 
129 224 147 0 
151 160 123 129 0 
154 106 180 129 128 0 
129 102 121 122 125 188 0 
130 136 108 117 188 196 99 0 
103 104 135 187 132 166 106 180 0 
111 132 169 134 128 116 160 222 126 0 
58 120 104 111 128 144 187 115 161 107 0 
161 150 140 152 103 196 120 99 180 153 129 0 
139 217 148 239 172 138 117 216 113 239 141 237 0 
186 144 147 139 104 198 163 144 147 85 128 169 185 0 
91 139 111 162 141 158 109 208 194 142 149 126 126 162 0 
189 119 126 129 180 141 155 139 220 101 184 172 171 186 157 0 
163 143 118 151 129 168 141 134 159 124 158 131 152 132 136 126 0 
93 204 74 167 141 178 129 114 146 147 108 146 122 133 108 200 89 0 
153 180 140 159 88 135 208 211 128 135 139 124 148 112 154 135 154 214 0 
84 134 101 117 126 149 140 130 115 97 79 136 220 118 113 105 79 99 139 0 
128 118 126 215 123 186 104 141 97 132 113 137 146 141 131 132 147 146 144 112 0 
122 205 193 128 70 99 122 118 152 114 105 113 153 99 210 110 146 137 93 115 87 0 
133 98 210 127 178 117 89 188 80 174 120 127 127 173 127 217 182 218 163 157 108 108 0 
127 131 146 112 92 91 97 105 75 117 104 105 139 134 206 148 158 156 111 180 164 77 105 0 
124 186 115 175 131 160 151 142 111 108 66 132 169 137 99 127 137 157 150 58 127 111 150 122 0 
GTSP_SET_SECTION:
1 4 3 18 22 -1
2 9 6 20 25 -1
3 1 17 -1
4 11 8 23 -1
5 15 -1
6 13 -1
7 14 -1
8 10 2 -1
9 21 -1
10 19 -1
11 12 -1
12 7 -1
13 16 -1
14 24 -1
15 5 -1
EOF
