25
0 1 2 3 4 5 6 7 8 9 10 11 12 13 14 15 16 17 18 19 20 21 22 23 24 
0
85 151 132 107 151 x 123 135 x 88 105 134 132 x 100 146 159 126 95 132 x 160 126 x x 
151 74 175 142 154 108 x x 154 164 134 x x x 147 135 125 145 159 201 152 158 x 136 x 
132 175 80 x 163 142 127 136 x 141 111 136 135 155 116 99 108 183 138 91 98 156 117 125 132 
107 142 x 53 126 124 x 82 89 139 x 116 117 x 61 x 106 x 112 121 77 112 x x 101 
151 154 163 126 31 143 123 114 x 138 x 124 123 135 142 155 134 137 95 157 171 x 130 135 155 
x 108 142 124 143 45 x x 103 x 107 121 104 x 133 x 140 112 137 x 124 111 x 100 129 
123 x 127 x 123 x 31 130 141 x 122 112 121 149 x 106 x 141 114 x 153 151 107 122 153 
135 x 136 82 114 x 130 38 127 137 x 108 105 153 x x 128 99 x 130 121 x 118 100 137 
x 154 x 89 x 103 141 127 29 138 118 130 120 137 131 93 133 164 156 123 99 120 x x 123 
88 164 141 139 138 x x 137 138 50 121 139 123 115 142 123 164 136 106 115 136 146 129 x 139 
105 134 111 x x 107 122 x 118 121 98 161 165 115 125 89 x 163 150 152 100 131 121 99 87 
134 x 136 116 124 121 112 108 130 139 161 87 100 172 116 157 x x 135 130 x x x 158 187 
132 x 135 117 123 104 121 105 120 123 165 100 7 147 109 159 139 x 100 x 133 138 x 123 173 
x x 155 x 135 x 149 153 137 115 115 172 147 43 137 128 162 146 108 173 112 139 145 118 92 
100 147 116 61 142 133 x x 131 142 125 116 109 137 84 158 115 x 103 127 88 124 121 105 131 
146 135 99 x 155 x 106 x 93 123 89 157 159 128 158 53 x 191 155 133 120 x x 114 101 
159 125 108 106 134 140 x 128 133 164 x x 139 162 115 x 95 172 134 134 x 155 107 108 136 
126 145 183 x 137 112 141 99 164 136 163 x x 146 x 191 172 63 119 x x x 152 130 177 
95 159 138 112 95 137 114 x 156 106 150 135 100 108 103 155 134 119 84 128 128 154 146 119 142 
132 201 91 121 157 x x 130 123 115 152 130 x 173 127 133 134 x 128 89 x 169 121 150 x 
x 152 98 77 171 124 153 121 99 136 100 x 133 112 88 120 x x 128 x 73 x 135 94 87 
160 158 156 112 x 111 151 x 120 146 131 x 138 139 124 x 155 x 154 169 x 5 149 x 108 
126 x 117 x 130 x 107 118 x 129 121 x x 145 121 x 107 152 146 121 135 149 18 141 141 
x 136 125 x 135 100 122 100 x x 99 158 123 118 105 114 108 130 119 150 94 x 141 76 85 
x x 132 101 155 129 153 137 123 139 87 187 173 92 131 101 136 177 142 x 87 108 141 85 25 
