NAME: ./random_converted.txt
COMMENT:  auto generated ./random_converted.txt
TYPE: TSP
DIMENSION: 10
GTSP_SETS: 38
EDGE_WEIGHT_TYPE: EXPLICIT
EDGE_WEIGHT_FORMAT: LOWER_DIAG_ROW
EDGE_WEIGHT_SECTION:
0 
442 0 
425 615 0 
245 415 402 0 
396 582 527 327 0 
651 840 783 595 681 0 
513 698 645 415 530 799 0 
459 635 591 386 473 763 588 0 
462 658 631 443 574 856 719 643 0 
455 618 590 406 558 815 678 617 635 0 
GTSP_SET_SECTION:
1 1 -1
2 1 2 -1
3 1 4 -1
4 1 6 -1
5 1 9 -1
6 1 3 -1
7 2 -1
8 2 4 -1
9 2 8 -1
10 9 2 -1
11 2 10 -1
12 2 3 -1
13 2 5 -1
14 2 6 -1
15 3 6 -1
16 10 3 -1
17 3 8 -1
18 4 -1
19 4 5 -1
20 9 4 -1
21 4 6 -1
22 4 7 -1
23 10 4 -1
24 5 6 -1
25 5 7 -1
26 5 8 -1
27 10 5 -1
28 9 5 -1
29 6 -1
30 6 7 -1
31 10 6 -1
32 6 8 -1
33 7 -1
34 7 8 -1
35 8 -1
36 10 8 -1
37 9 8 -1
38 9 10 -1
EOF
