NAME: glns_gen
COMMENT:  auto generated glns_gen
TYPE: TSP
DIMENSION: 25
GTSP_SETS: 15
EDGE_WEIGHT_TYPE: EXPLICIT
EDGE_WEIGHT_FORMAT: LOWER_DIAG_ROW
EDGE_WEIGHT_SECTION:
0 
84 0 
74 95 0 
100 129 62 0 
100 90 105 129 0 
110 105 86 107 92 0 
97 156 103 121 128 131 0 
138 131 146 174 101 167 148 0 
131 146 133 124 117 150 132 145 0 
105 100 77 88 89 113 125 112 123 0 
87 64 74 99 94 98 150 141 130 95 0 
130 171 135 150 144 136 105 152 151 162 154 0 
123 155 117 126 106 112 81 142 122 124 156 116 0 
109 109 106 108 142 117 146 179 154 115 99 167 170 0 
137 125 119 117 123 118 138 157 119 89 134 178 125 105 0 
133 169 127 124 126 131 90 165 107 123 167 140 75 166 113 0 
122 132 88 111 98 95 107 141 139 89 136 151 74 160 110 90 0 
120 120 88 107 94 59 117 155 154 90 123 153 94 126 95 112 60 0 
142 150 102 90 152 130 135 182 144 88 136 180 151 100 79 125 121 108 0 
104 86 87 128 101 109 134 137 128 101 99 158 135 142 122 127 97 114 133 0 
121 126 135 148 121 149 136 136 67 140 119 138 139 144 133 138 157 164 164 117 0 
80 112 61 70 121 115 122 157 144 99 102 152 119 141 144 140 101 115 138 117 155 0 
106 123 98 119 138 121 117 161 145 138 118 136 120 128 138 160 133 128 156 140 127 105 0 
105 120 123 139 79 132 103 84 99 106 121 126 99 139 120 126 125 125 155 133 93 137 114 0 
111 131 64 75 134 118 116 177 115 109 103 160 130 130 127 125 108 120 107 102 128 94 111 141 0 
GTSP_SET_SECTION:
1 19 8 9 10 24 -1
2 7 12 18 -1
3 15 2 -1
4 22 14 17 -1
5 6 3 -1
6 16 -1
7 13 -1
8 25 -1
9 23 -1
10 5 -1
11 1 -1
12 21 -1
13 4 -1
14 20 -1
15 11 -1
EOF
